   20
   28
   326
   35
   371
   41
   410
   45
   48
   50
   517
   52
   53
   54
   55
   552
   56
   57
   59
   62
   63
   65
   66
   666
   67
   69
   70
   71
   72
   73
   74
   75
   76
   77
   808
   81
   82
   83
   84
   85
   87
   88
   89
   896
   9
   90
   91
   931
   94
   95
   97
   98
   99
  10
  100
  101
  102
  103
  104
  105
  106
  107
  1076
  108
  109
  1095
  110
  111
  112
  113
  116
  117
  118
  119
  120
  121
  122
  123
  124
  125
  126
  127
  128
  129
  13
  130
  131
  132
  133
  134
  135
  136
  137
  138
  139
  14
  140
  141
  142
  144
  146
  147
  15
  150
  152
  153
  157
  158
  159
  160
  162
  163
  164
  165
  166
  168
  169
  170
  171
  172
  173
  174
  176
  178
  179
  18
  180
  181
  182
  183
  185
  186
  188
  189
  19
  190
  191
  193
  195
  196
  197
  198
  20
  200
  201
  202
  203
  204
  205
  206
  207
  208
  211
  212
  213
  217
  218
  22
  220
  221
  223
  225
  226
  227
  228
  229
  23
  230
  232
  233
  235
  237
  238
  2399
  240
  2400
  241
  243
  246
  247
  248
  249
  25
  251
  252
  253
  254
  255
  256
  258
  259
  262
  263
  264
  265
  266
  269
  27
  270
  271
  273
  276
  278
  28
  284
  285
  286
  289
  301
  304
  305
  308
  31
  311
  315
  317
  318
  319
  320
  321
  323
  324
  326
  327
  329
  33
  331
  332
  333
  339
  34
  340
  342
  344
  349
  35
  351
  352
  363
  367
  369
  37
  370
  374
  38
  381
  386
  387
  39
  398
  40
  400
  401
  404
  405
  406
  41
  410
  414
  42
  422
  423
  424
  43
  432
  433
  434
  436
  439
  44
  445
  448
  449
  45
  451
  454
  458
  469
  472
  473
  476
  481
  49
  497
  50
  504
  509
  510
  511
  512
  513
  52
  520
  54
  544
  55
  553
  57
  60
  62
  65
  664
  67
  686
  699
  7
  70
  708
  714
  729
  73
  76
  760
  761
  762
  763
  77
  78
  79
  81
  82
  821
  84
  845
  846
  85
  86
  87
  89
  90
  91
  92
  95
  97
  98
  981
  99
